Generation 1

1 1 1 1 1 1 1 1 1 
1 1 1 1 1 1 1 1 1 
1 1 1 1 1 1 1 1 1 
1 1 1 1 1 1 1 1 1 
1 1 1 1 1 1 1 1 1 
1 1 1 1 1 1 1 1 1 
1 1 1 1 1 1 1 1 1 
1 1 1 1 1 1 1 1 1 
1 1 1 1 1 1 1 1 1 

Accuracy: 1/81
-------------------------------------------------------------
Generation 2

1 21 21 21 21 21 21 21 21 
21 21 21 21 21 21 21 21 21 
21 21 21 21 21 21 21 21 21 
21 21 21 21 21 21 21 21 21 
21 21 21 21 21 21 21 21 21 
21 21 21 21 21 21 21 21 21 
21 21 21 21 21 21 21 21 21 
21 21 21 21 21 21 21 21 21 
21 21 21 21 21 21 21 21 21 

Accuracy: 3/81
-------------------------------------------------------------
Generation 3

1 56 56 56 56 56 56 56 56 
56 56 56 56 56 56 56 56 56 
56 56 56 56 56 56 21 56 56 
56 56 56 56 56 56 56 56 56 
56 56 56 56 56 56 56 56 56 
56 56 56 56 56 56 56 56 56 
56 56 21 56 56 56 56 56 56 
56 56 56 56 56 56 56 56 56 
56 56 56 56 56 56 56 56 56 

Accuracy: 5/81
-------------------------------------------------------------
Generation 4

1 24 24 24 24 58 24 24 24 
24 24 24 24 24 24 24 24 24 
24 24 24 24 58 24 21 24 24 
24 24 24 24 24 24 24 24 24 
24 24 24 24 24 24 58 24 24 
24 24 58 24 24 24 24 24 24 
24 24 21 24 24 24 24 56 24 
24 24 24 58 58 24 56 24 24 
24 24 24 24 24 24 24 24 58 

Accuracy: 9/81
-------------------------------------------------------------
Generation 5

1 37 37 37 37 24 37 37 37 
37 37 37 37 37 37 37 37 37 
37 37 37 37 24 37 21 24 37 
37 37 37 37 37 24 37 37 37 
37 37 37 37 37 37 24 37 37 
37 37 24 24 37 37 37 37 37 
37 37 21 37 37 37 37 56 37 
37 37 24 24 24 37 56 37 37 
37 37 37 37 37 37 37 37 24 

Accuracy: 9/81
-------------------------------------------------------------
Generation 6

1 32 32 27 27 37 27 32 27 
27 32 32 27 27 27 27 32 27 
27 27 27 32 27 27 21 24 27 
27 27 32 27 27 24 27 27 27 
27 27 32 27 27 27 27 27 27 
32 27 37 24 27 27 27 27 27 
27 32 21 27 27 27 27 56 32 
27 27 24 27 37 27 56 27 27 
27 32 27 32 32 27 27 32 27 

Accuracy: 11/81
-------------------------------------------------------------
Generation 7

1 27 27 65 65 27 65 27 65 
65 27 27 65 65 65 65 27 65 
65 65 65 27 65 65 21 24 27 
65 65 27 65 65 24 65 65 65 
65 65 27 65 65 65 65 65 65 
27 65 27 24 65 65 65 65 65 
65 27 21 65 65 65 65 56 27 
65 65 24 65 27 65 56 65 65 
65 27 27 27 27 65 65 27 65 

Accuracy: 11/81
-------------------------------------------------------------
Generation 8

1 31 65 57 57 31 31 31 57 
31 31 65 31 31 31 31 65 31 
57 57 57 65 31 57 21 24 27 
57 31 65 31 31 24 31 31 31 
57 31 65 31 31 57 57 31 31 
65 31 65 24 57 31 31 57 31 
31 31 21 31 31 31 57 56 65 
57 31 24 31 31 31 56 31 57 
57 65 27 31 65 57 31 31 31 

Accuracy: 11/81
-------------------------------------------------------------
Generation 9

1 14 31 31 31 14 14 14 31 
14 14 31 14 14 14 14 31 14 
31 31 31 31 14 31 21 24 27 
31 14 31 14 14 24 14 14 14 
31 14 31 14 14 31 31 14 14 
31 14 31 24 31 14 14 31 14 
14 14 21 14 14 14 31 56 31 
31 14 24 14 14 14 56 14 31 
31 31 27 14 31 31 14 14 14 

Accuracy: 13/81
-------------------------------------------------------------
Generation 10

1 34 34 14 14 33 33 33 14 
34 33 34 33 34 34 14 34 34 
14 14 14 14 34 14 21 24 27 
34 33 14 34 33 24 34 33 33 
34 33 14 33 33 14 14 33 34 
34 34 34 24 14 33 34 14 34 
33 14 21 34 34 33 34 56 14 
34 34 24 34 33 34 56 33 14 
14 34 27 33 14 34 34 34 34 

Accuracy: 13/81
-------------------------------------------------------------
Generation 11

1 74 74 34 34 34 34 34 34 
74 34 74 34 74 74 14 74 74 
34 34 34 34 74 34 21 24 27 
74 34 34 74 34 24 74 34 34 
74 34 34 34 34 34 34 34 74 
74 74 74 24 34 34 74 34 74 
34 14 21 74 74 34 74 56 34 
74 74 24 74 34 74 56 34 34 
34 74 27 34 34 74 74 74 74 

Accuracy: 13/81
-------------------------------------------------------------
Generation 12

1 22 22 74 74 74 74 74 74 
22 22 57 22 57 57 14 22 57 
74 22 74 74 57 74 21 24 27 
7 74 74 57 74 24 22 22 74 
22 22 74 74 74 22 74 22 57 
57 57 22 24 74 74 57 74 57 
74 14 21 22 22 22 22 56 74 
7 57 24 57 74 57 56 74 22 
74 57 27 74 74 7 22 57 37 

Accuracy: 13/81
-------------------------------------------------------------
Generation 13

1 33 33 22 22 22 22 22 22 
33 23 22 23 22 22 14 33 22 
22 33 22 22 37 22 21 24 27 
22 22 22 22 22 24 33 23 22 
33 23 22 22 22 33 37 23 22 
22 22 33 24 22 22 22 22 22 
22 14 21 33 33 23 33 56 22 
22 22 24 37 22 22 56 22 33 
22 22 27 22 22 22 33 22 22 

Accuracy: 13/81
-------------------------------------------------------------
Generation 14

1 23 23 33 41 23 41 23 33 
23 69 33 69 41 41 14 23 33 
41 23 41 33 22 33 21 24 27 
33 23 33 33 23 24 23 41 23 
41 69 33 23 23 23 22 69 33 
33 33 23 24 33 23 33 33 33 
41 14 21 41 23 69 23 56 33 
33 41 24 22 41 33 56 41 41 
41 33 27 23 33 33 23 41 41 

Accuracy: 13/81
-------------------------------------------------------------
Generation 15

1 41 41 41 51 41 51 41 41 
41 41 41 41 51 51 14 41 41 
51 41 51 41 41 41 21 24 27 
41 41 41 41 41 24 41 51 41 
51 41 41 41 41 41 41 41 41 
41 41 41 24 41 41 41 41 41 
51 14 21 51 41 41 41 56 41 
41 51 24 41 51 41 56 51 51 
51 41 27 41 41 41 41 51 51 

Accuracy: 13/81
-------------------------------------------------------------
Generation 16

1 51 51 44 44 51 57 51 44 
51 51 51 51 6 6 14 44 51 
6 51 6 44 44 44 21 24 27 
44 51 44 51 51 24 51 57 51 
6 51 51 51 44 51 44 51 51 
51 51 51 24 51 51 44 51 51 
57 14 21 57 51 51 51 56 44 
51 6 24 51 57 51 56 57 6 
6 44 27 51 51 51 51 6 57 

Accuracy: 13/81
-------------------------------------------------------------
Generation 17

1 44 44 11 33 44 44 44 11 
44 44 44 44 44 44 14 11 44 
44 44 44 11 33 11 21 24 27 
11 44 11 44 44 24 44 44 44 
44 44 44 44 11 44 33 44 44 
44 44 44 24 44 44 11 44 44 
44 14 21 44 44 44 44 56 11 
44 44 24 44 44 44 56 44 44 
44 11 27 44 44 44 44 44 44 

Accuracy: 13/81
-------------------------------------------------------------
Generation 18

1 11 47 13 47 11 11 47 13 
11 47 11 11 33 47 14 47 47 
33 11 33 13 11 13 21 24 27 
13 11 13 47 11 24 11 47 11 
11 47 11 11 13 11 11 11 11 
47 47 11 24 47 11 13 11 47 
11 14 21 11 47 47 11 56 13 
47 47 24 33 11 11 56 47 11 
33 13 27 11 11 11 11 33 47 

Accuracy: 13/81
-------------------------------------------------------------
Generation 19

1 47 60 47 60 47 47 60 47 
47 60 47 47 47 60 14 60 60 
47 47 47 47 47 47 21 24 27 
47 47 47 60 47 24 47 60 47 
47 60 47 47 47 47 47 47 47 
60 60 47 24 60 47 47 47 60 
47 14 21 47 60 60 47 56 47 
60 60 24 47 47 47 56 60 47 
47 47 27 47 47 47 47 47 60 

Accuracy: 13/81
-------------------------------------------------------------
Generation 20

1 60 50 50 50 50 50 10 60 
50 10 60 50 50 10 14 10 10 
60 50 60 50 60 60 21 24 27 
50 60 60 10 60 24 60 50 60 
60 50 60 60 50 60 60 60 60 
50 10 50 24 10 60 60 60 10 
60 14 21 60 10 50 60 56 60 
50 10 24 50 50 50 56 50 60 
60 60 27 60 50 60 50 50 50 

Accuracy: 13/81
-------------------------------------------------------------
Generation 21

1 50 8 8 8 8 8 50 50 
8 50 50 8 8 50 14 50 50 
50 8 50 8 50 50 21 24 27 
8 50 50 50 50 24 50 8 50 
50 8 50 50 8 50 50 50 50 
8 50 8 24 50 50 50 50 50 
50 14 21 50 50 8 50 56 50 
8 50 24 8 8 8 56 8 50 
50 50 27 50 8 50 8 8 8 

Accuracy: 15/81
-------------------------------------------------------------
Generation 22

1 8 20 54 54 20 54 54 54 
54 54 54 8 20 8 14 54 8 
54 20 8 54 54 54 21 24 27 
20 54 8 8 8 24 54 20 8 
8 20 54 54 20 8 8 8 8 
54 8 54 24 54 54 8 54 54 
54 14 21 8 54 54 8 56 8 
8 54 24 20 54 20 56 20 54 
54 54 27 8 54 54 20 20 54 

Accuracy: 17/81
-------------------------------------------------------------
Generation 23

1 54 54 68 68 54 68 68 68 
68 68 68 8 54 54 14 68 54 
68 54 54 68 68 68 21 24 27 
54 68 54 54 54 24 68 54 54 
54 54 68 68 54 54 54 54 54 
68 54 68 24 68 68 54 68 54 
68 14 21 54 68 68 54 56 54 
8 68 24 54 68 54 56 54 68 
68 68 27 54 68 54 54 54 68 

Accuracy: 17/81
-------------------------------------------------------------
Generation 24

1 68 57 17 17 57 10 57 17 
57 57 17 8 17 68 14 57 17 
17 17 17 10 17 17 21 24 27 
68 57 57 68 57 24 57 68 57 
17 68 10 57 68 68 17 57 68 
17 17 10 24 17 57 68 10 54 
10 14 21 17 57 57 17 56 57 
8 35 24 17 10 68 56 68 17 
10 17 27 57 57 54 57 68 10 

Accuracy: 17/81
-------------------------------------------------------------
Generation 25

1 57 17 51 3 17 17 17 51 
17 17 3 8 3 17 14 17 3 
3 3 3 57 51 51 21 24 27 
17 17 17 17 17 24 17 17 17 
3 57 57 17 57 17 51 17 17 
3 3 57 24 3 17 17 17 54 
17 14 21 3 17 17 3 56 17 
8 17 24 3 17 17 56 17 3 
17 51 27 17 17 54 17 17 17 

Accuracy: 18/81
-------------------------------------------------------------
Generation 26

1 17 45 60 45 3 3 3 45 
3 3 45 8 60 45 14 45 32 
3 10 45 60 45 45 21 24 27 
60 45 45 45 45 24 3 3 45 
45 17 45 45 60 45 45 45 3 
45 32 60 24 45 3 45 45 54 
3 14 21 45 3 45 45 56 45 
8 45 24 60 60 60 56 3 45 
45 45 27 45 60 54 60 60 3 

Accuracy: 18/81
-------------------------------------------------------------
Generation 27

1 45 10 45 10 60 60 45 10 
60 45 10 8 45 66 14 66 45 
3 60 10 45 10 10 21 24 27 
45 10 10 66 10 24 45 45 10 
10 45 66 10 45 10 10 10 45 
10 45 45 24 66 45 10 66 54 
45 14 21 10 45 10 10 56 10 
8 66 24 45 45 45 56 45 10 
66 10 27 10 45 54 45 45 45 

Accuracy: 20/81
-------------------------------------------------------------
Generation 28

1 63 63 63 63 63 63 63 63 
45 63 63 8 63 63 14 63 63 
3 63 63 66 63 63 21 24 27 
63 63 63 63 63 24 63 63 63 
63 63 63 63 63 66 63 63 45 
63 63 63 24 63 10 63 16 54 
63 14 21 63 63 66 63 56 63 
8 63 24 63 63 63 56 10 66 
63 63 27 66 45 54 63 10 63 

Accuracy: 22/81
-------------------------------------------------------------
Generation 29

1 26 26 26 26 26 26 26 26 
63 26 26 8 26 26 14 26 26 
3 26 26 63 26 26 21 24 27 
26 26 26 26 26 24 26 26 26 
26 26 26 26 26 63 26 26 45 
26 26 26 24 26 63 26 63 54 
26 14 21 26 26 63 26 56 63 
8 26 24 67 26 26 56 63 63 
26 67 27 67 45 54 63 63 26 

Accuracy: 22/81
-------------------------------------------------------------
Generation 30

1 67 67 67 67 67 67 67 67 
67 67 67 8 67 67 14 67 67 
3 67 67 67 67 67 21 24 27 
67 67 67 67 67 24 67 67 67 
67 67 67 67 67 67 67 67 45 
67 67 67 24 67 67 67 67 54 
67 14 21 67 67 67 67 56 63 
8 67 24 11 67 67 56 67 67 
67 64 27 64 45 54 63 67 67 

Accuracy: 22/81
-------------------------------------------------------------
Generation 31

1 64 70 70 11 70 64 11 70 
70 70 70 8 11 11 14 64 11 
3 64 11 64 64 70 21 24 27 
64 64 64 70 64 24 64 11 64 
70 11 64 64 64 64 64 64 45 
70 11 64 24 11 64 64 64 54 
64 14 21 64 70 11 70 56 63 
8 11 24 64 64 64 56 11 64 
11 23 27 68 45 54 63 11 11 

Accuracy: 22/81
-------------------------------------------------------------
Generation 32

1 70 3 3 70 35 70 70 3 
35 35 35 8 70 70 14 70 70 
3 70 70 70 70 3 21 24 27 
70 70 70 3 70 24 70 70 70 
35 70 70 70 70 70 70 70 45 
35 70 70 24 70 70 70 70 54 
70 14 21 70 35 70 35 56 63 
8 70 24 70 70 70 56 70 70 
70 70 27 70 45 54 63 70 70 

Accuracy: 24/81
-------------------------------------------------------------
Generation 33

1 3 3 73 35 73 35 35 35 
80 73 80 8 35 3 14 3 35 
3 35 35 73 73 73 21 24 27 
3 3 3 35 3 24 35 35 3 
73 3 3 73 3 3 3 3 45 
80 73 3 24 73 35 3 3 54 
73 14 21 35 35 3 80 56 63 
8 3 24 35 3 73 56 35 73 
3 73 27 3 45 54 63 3 35 

Accuracy: 24/81
-------------------------------------------------------------
Generation 34

1 73 3 15 73 15 73 73 73 
73 11 73 8 73 73 14 73 73 
3 73 73 15 15 15 21 24 27 
73 73 73 73 73 24 73 73 73 
15 73 73 15 73 73 73 73 45 
73 15 73 24 15 73 73 73 54 
15 14 21 73 35 73 73 56 63 
8 73 24 73 73 15 56 73 15 
73 15 27 73 45 54 63 73 73 

Accuracy: 25/81
-------------------------------------------------------------
Generation 35

1 76 3 58 76 36 76 15 76 
15 76 15 8 15 15 14 15 15 
3 15 15 76 15 76 21 24 27 
76 15 15 11 15 24 15 76 76 
58 15 15 76 15 76 15 76 45 
11 76 15 24 76 15 15 15 54 
76 14 21 15 35 15 15 56 63 
8 15 24 15 76 76 56 15 58 
76 58 27 63 45 54 63 15 76 

Accuracy: 26/81
-------------------------------------------------------------
Generation 36

1 35 3 76 78 76 78 76 78 
76 78 76 8 76 76 14 76 76 
3 76 76 35 15 35 21 24 27 
35 76 76 76 76 24 76 78 35 
76 76 15 35 76 35 76 35 45 
76 35 76 24 35 76 76 76 54 
35 14 21 76 35 76 76 56 63 
8 76 24 76 35 35 56 76 76 
35 76 27 76 45 54 63 76 78 

Accuracy: 26/81
-------------------------------------------------------------
Generation 37

1 80 3 80 52 78 52 80 80 
40 52 40 8 80 80 14 35 80 
3 80 78 80 15 80 21 24 27 
80 80 80 80 80 24 80 80 80 
80 80 15 80 80 80 80 80 45 
40 80 35 24 80 80 35 80 54 
80 14 21 78 35 80 40 56 63 
8 78 24 80 80 80 56 78 80 
80 80 27 35 45 54 63 80 80 

Accuracy: 26/81
-------------------------------------------------------------
Generation 38

1 40 3 40 80 80 80 40 40 
2 80 14 8 40 40 14 80 40 
3 40 80 40 15 40 21 24 27 
40 40 40 40 40 24 40 40 40 
40 40 15 40 40 40 40 40 45 
14 40 80 24 40 40 80 40 54 
40 14 21 80 35 40 14 56 63 
8 80 24 40 40 40 56 80 40 
40 40 27 80 45 54 63 40 40 

Accuracy: 29/81
-------------------------------------------------------------
Generation 39

1 20 3 2 20 40 20 2 20 
2 20 20 8 29 20 14 20 20 
3 29 20 3 15 20 21 24 27 
29 20 20 20 20 24 20 29 2 
14 29 15 3 29 20 20 40 45 
20 20 20 24 20 20 20 20 54 
20 14 21 40 35 20 20 56 63 
8 20 24 29 40 3 56 29 2 
20 3 27 20 45 54 63 29 20 

Accuracy: 30/81
-------------------------------------------------------------
Generation 40

1 29 3 20 29 29 29 20 29 
2 29 29 8 9 29 14 29 29 
3 74 29 20 15 29 21 24 27 
9 29 29 29 20 24 29 74 20 
20 74 15 20 9 29 29 40 45 
29 29 29 24 29 29 29 29 54 
29 14 21 20 35 29 29 56 63 
8 29 24 9 40 29 56 9 20 
29 20 27 29 45 54 63 9 29 

Accuracy: 31/81
-------------------------------------------------------------
Generation 41

1 9 3 6 6 6 6 6 6 
2 6 6 8 49 49 14 6 6 
3 6 49 6 15 6 21 24 27 
6 6 6 6 20 24 6 6 6 
49 6 15 20 6 6 6 40 45 
6 6 6 24 6 6 6 6 54 
6 14 21 6 35 6 6 56 63 
8 49 24 6 40 6 56 6 49 
49 6 27 6 45 54 63 49 6 

Accuracy: 35/81
-------------------------------------------------------------
Generation 42

1 6 3 49 49 6 49 49 49 
2 49 6 8 12 12 14 49 49 
3 6 12 49 15 49 21 24 27 
49 49 49 49 20 24 49 49 49 
12 49 15 20 49 49 49 40 45 
6 49 49 24 49 77 49 49 54 
49 14 21 49 35 49 49 56 63 
8 77 24 49 40 49 56 49 12 
12 49 27 49 45 54 63 12 49 

Accuracy: 37/81
-------------------------------------------------------------
Generation 43

1 10 3 10 77 6 77 77 77 
2 77 6 8 10 12 14 77 77 
3 6 77 77 15 77 21 24 27 
10 77 77 77 20 24 10 10 77 
77 10 15 20 10 77 77 40 45 
6 77 77 24 77 28 77 77 54 
77 14 21 77 35 77 49 56 63 
8 28 24 10 40 10 56 77 77 
77 77 27 77 45 54 63 77 77 

Accuracy: 39/81
-------------------------------------------------------------
Generation 44

1 77 3 77 13 6 28 28 28 
2 13 6 8 10 12 14 28 68 
3 6 68 28 15 28 21 24 27 
77 28 68 28 20 24 77 77 68 
68 10 15 20 77 28 68 40 45 
6 13 28 24 28 8 28 28 54 
28 14 21 68 35 28 49 56 63 
8 8 24 77 40 77 56 28 13 
28 28 27 28 45 54 63 28 28 

Accuracy: 39/81
-------------------------------------------------------------
Generation 45

1 13 3 12 12 6 13 13 12 
2 12 6 8 10 12 14 13 13 
3 6 13 12 15 12 21 24 27 
12 13 12 13 20 24 13 13 13 
13 10 15 20 12 13 13 40 45 
6 12 13 24 13 13 12 13 54 
13 14 21 13 35 13 49 56 63 
8 13 24 13 40 13 56 13 43 
13 12 27 13 45 54 63 13 13 

Accuracy: 42/81
-------------------------------------------------------------
Generation 46

1 12 3 43 43 6 16 12 16 
2 43 6 8 10 12 14 12 12 
3 6 43 12 15 16 21 24 27 
43 12 12 12 20 24 16 16 12 
43 10 15 20 43 16 12 40 45 
6 12 12 24 16 12 16 12 54 
12 14 21 12 35 12 49 56 63 
8 12 24 12 40 12 56 12 9 
43 43 27 12 45 54 63 43 12 

Accuracy: 42/81
-------------------------------------------------------------
Generation 47

1 16 3 16 16 6 58 16 58 
2 16 6 8 10 12 14 16 16 
3 6 16 12 15 58 21 24 27 
16 16 12 16 20 24 58 58 16 
16 10 15 20 16 58 16 40 45 
6 12 16 24 58 16 58 58 54 
16 14 21 16 35 16 49 56 63 
8 16 24 16 40 16 56 16 16 
16 16 27 16 45 54 63 16 16 

Accuracy: 45/81
-------------------------------------------------------------
Generation 48

1 58 3 4 19 6 4 19 19 
2 58 6 8 10 12 14 16 58 
3 6 58 12 15 4 21 24 27 
19 58 12 16 20 24 19 4 58 
4 10 15 20 19 4 4 40 45 
6 12 4 24 4 58 4 4 54 
58 14 21 58 35 19 49 56 63 
8 16 24 68 40 19 56 19 4 
19 4 27 19 45 54 63 19 4 

Accuracy: 46/81
-------------------------------------------------------------
Generation 49

1 19 3 4 42 6 19 42 42 
2 19 6 8 10 12 14 16 19 
3 6 19 12 15 19 21 24 27 
42 19 12 16 20 24 12 19 19 
19 10 15 20 42 19 19 40 45 
6 12 19 24 19 19 19 19 54 
19 14 21 19 35 42 49 56 63 
8 16 24 19 40 42 56 42 19 
42 19 27 42 45 54 63 42 19 

Accuracy: 47/81
-------------------------------------------------------------
Generation 50

1 42 3 4 32 6 12 69 32 
2 42 6 8 10 12 14 16 42 
3 6 42 12 15 42 21 24 27 
23 69 12 16 20 24 42 15 15 
42 10 15 20 78 12 42 40 45 
6 12 42 24 23 42 42 42 54 
42 14 21 42 35 42 49 56 63 
8 16 24 23 40 78 56 23 23 
78 69 27 78 45 54 63 23 42 

Accuracy: 48/81
-------------------------------------------------------------
Generation 51

1 15 3 4 23 6 23 25 23 
2 15 6 8 10 12 14 16 23 
3 6 23 12 15 23 21 24 27 
15 25 12 16 20 24 69 69 69 
23 10 15 20 69 15 23 40 45 
6 12 69 24 69 69 42 23 54 
23 14 21 23 35 42 49 56 63 
8 16 24 69 40 23 56 69 69 
23 25 27 15 45 54 63 69 23 

Accuracy: 48/81
-------------------------------------------------------------
Generation 52

1 43 3 4 15 6 15 43 15 
2 25 6 8 10 12 14 16 69 
3 6 72 12 15 43 21 24 27 
72 43 12 16 20 24 25 43 25 
69 10 15 20 25 26 43 40 45 
6 12 25 24 43 25 42 69 54 
69 14 21 69 35 42 49 56 63 
8 16 24 26 40 43 56 26 25 
72 18 27 69 45 54 63 25 15 

Accuracy: 50/81
-------------------------------------------------------------
Generation 53

1 72 3 4 72 6 43 72 43 
2 72 6 8 10 12 14 16 43 
3 6 9 12 15 72 21 24 27 
2 72 12 16 20 24 43 72 43 
72 10 15 20 25 43 72 40 45 
6 12 43 24 72 26 42 26 54 
43 14 21 43 35 42 49 56 63 
8 16 24 43 40 72 56 43 26 
9 18 27 26 45 54 63 26 43 

Accuracy: 52/81
-------------------------------------------------------------
Generation 54

1 71 3 4 9 6 72 9 71 
2 9 6 8 10 12 14 16 71 
3 6 9 12 15 71 21 24 27 
71 71 12 16 20 24 72 9 72 
9 10 15 20 25 71 9 40 45 
6 12 71 24 71 71 42 43 54 
71 14 21 29 35 42 49 56 63 
8 16 24 72 40 9 56 71 72 
9 18 27 71 45 54 63 72 72 

Accuracy: 54/81
-------------------------------------------------------------
Generation 55

1 69 3 4 71 6 71 29 69 
2 71 6 8 10 12 14 16 4 
3 6 9 12 15 69 21 24 27 
69 8 12 16 20 24 71 71 29 
29 10 15 20 25 69 71 40 45 
6 12 14 24 8 4 42 71 54 
8 14 21 71 35 42 49 56 63 
8 16 24 71 40 71 56 4 72 
9 18 27 4 45 54 63 72 71 

Accuracy: 55/81
-------------------------------------------------------------
Generation 56

1 4 3 4 81 6 32 52 52 
2 81 6 8 10 12 14 16 81 
3 6 9 12 15 8 21 24 27 
32 8 12 16 20 24 32 32 71 
71 10 15 20 25 32 32 40 45 
6 12 81 24 42 81 42 32 54 
4 14 21 32 35 42 49 56 63 
8 16 24 4 40 69 56 81 72 
9 18 27 52 45 54 63 72 32 

Accuracy: 56/81
-------------------------------------------------------------
Generation 57

1 52 3 4 59 6 9 71 9 
2 59 6 8 10 12 14 16 52 
3 6 9 12 15 32 21 24 27 
52 8 12 16 20 24 52 32 32 
32 10 15 20 25 52 52 40 45 
6 12 32 24 32 32 42 52 54 
32 14 21 52 35 42 49 56 63 
8 16 24 32 40 32 56 32 72 
9 18 27 9 45 54 63 72 52 

Accuracy: 58/81
-------------------------------------------------------------
Generation 58

1 36 3 4 36 6 36 36 9 
2 5 6 8 10 12 14 16 36 
3 6 9 12 15 36 21 24 27 
36 8 12 16 20 24 9 32 52 
52 10 15 20 25 36 36 40 45 
6 12 52 24 36 36 42 36 54 
36 14 21 36 35 42 49 56 63 
8 16 24 32 40 36 56 52 72 
9 18 27 36 45 54 63 72 9 

Accuracy: 60/81
-------------------------------------------------------------
Generation 59

1 28 3 4 69 6 69 18 9 
2 36 6 8 10 12 14 16 28 
3 6 9 12 15 18 21 24 27 
28 8 12 16 20 24 36 32 36 
36 10 15 20 25 18 69 40 45 
6 12 36 24 18 36 42 35 54 
18 14 21 28 35 42 49 56 63 
8 16 24 32 40 28 56 36 72 
9 18 27 36 45 54 63 72 36 

Accuracy: 63/81
-------------------------------------------------------------
Generation 60

1 39 3 4 39 6 39 39 9 
2 39 6 8 10 12 14 16 39 
3 6 9 12 15 18 21 24 27 
39 8 12 16 20 24 39 32 36 
39 10 15 20 25 39 39 40 45 
6 12 39 24 39 36 42 39 54 
39 14 21 28 35 42 49 56 63 
8 16 24 32 40 39 56 18 72 
9 18 27 36 45 54 63 72 39 

Accuracy: 63/81
-------------------------------------------------------------
Generation 61

1 30 3 4 30 6 45 30 9 
2 30 6 8 10 12 14 16 30 
3 6 9 12 15 18 21 24 27 
30 8 12 16 20 24 30 32 36 
30 10 15 20 25 30 30 40 45 
6 12 30 24 30 36 42 30 54 
30 14 21 28 35 42 49 56 63 
8 16 24 32 40 30 56 39 72 
9 18 27 36 45 54 63 72 30 

Accuracy: 65/81
-------------------------------------------------------------
Generation 62

1 49 3 4 64 6 30 64 9 
2 64 6 8 10 12 14 16 64 
3 6 9 12 15 18 21 24 27 
62 8 12 16 20 24 62 32 36 
64 10 15 20 25 30 62 40 45 
6 12 62 24 30 36 42 62 54 
62 14 21 28 35 42 49 56 63 
8 16 24 32 40 58 56 64 72 
9 18 27 36 45 54 63 72 64 

Accuracy: 66/81
-------------------------------------------------------------
Generation 63

1 62 3 4 58 6 42 58 9 
2 62 6 8 10 12 14 16 62 
3 6 9 12 15 18 21 24 27 
58 8 12 16 20 24 75 32 36 
62 10 15 20 25 30 75 40 45 
6 12 75 24 30 36 42 75 54 
75 14 21 28 35 42 49 56 63 
8 16 24 32 40 62 56 64 72 
9 18 27 36 45 54 63 72 62 

Accuracy: 66/81
-------------------------------------------------------------
Generation 64

1 46 3 4 46 6 46 46 9 
2 46 6 8 10 12 14 16 46 
3 6 9 12 15 18 21 24 27 
46 8 12 16 20 24 46 32 36 
46 10 15 20 25 30 46 40 45 
6 12 46 24 30 36 42 46 54 
46 14 21 28 35 42 49 56 63 
8 16 24 32 40 46 56 64 72 
9 18 27 36 45 54 63 72 46 

Accuracy: 66/81
-------------------------------------------------------------
Generation 65

1 48 3 4 48 6 48 48 9 
2 48 6 8 10 12 14 16 48 
3 6 9 12 15 18 21 24 27 
66 8 12 16 20 24 48 32 36 
48 10 15 20 25 30 66 40 45 
6 12 48 24 30 36 42 48 54 
48 14 21 28 35 42 49 56 63 
8 16 24 32 40 48 56 64 72 
9 18 27 36 45 54 63 72 66 

Accuracy: 68/81
-------------------------------------------------------------
Generation 66

1 66 3 4 66 6 66 66 9 
2 66 6 8 10 12 14 16 66 
3 6 9 12 15 18 21 24 27 
55 8 12 16 20 24 66 32 36 
66 10 15 20 25 30 35 40 45 
6 12 66 24 30 36 42 48 54 
66 14 21 28 35 42 49 56 63 
8 16 24 32 40 48 56 64 72 
9 18 27 36 45 54 63 72 55 

Accuracy: 69/81
-------------------------------------------------------------
Generation 67

1 55 3 4 55 6 55 62 9 
2 55 6 8 10 12 14 16 61 
3 6 9 12 15 18 21 24 27 
48 8 12 16 20 24 55 32 36 
55 10 15 20 25 30 35 40 45 
6 12 55 24 30 36 42 48 54 
55 14 21 28 35 42 49 56 63 
8 16 24 32 40 48 56 64 72 
9 18 27 36 45 54 63 72 48 

Accuracy: 69/81
-------------------------------------------------------------
Generation 68

1 61 3 4 40 6 40 61 9 
2 40 6 8 10 12 14 16 55 
3 6 9 12 15 18 21 24 27 
14 8 12 16 20 24 61 32 36 
61 10 15 20 25 30 35 40 45 
6 12 40 24 30 36 42 48 54 
52 14 21 28 35 42 49 56 63 
8 16 24 32 40 48 56 64 72 
9 18 27 36 45 54 63 72 61 

Accuracy: 69/81
-------------------------------------------------------------
Generation 69

1 81 3 4 62 6 75 81 9 
2 61 6 8 10 12 14 16 18 
3 6 9 12 15 18 21 24 27 
51 8 12 16 20 24 53 32 36 
81 10 15 20 25 30 35 40 45 
6 12 53 24 30 36 42 48 54 
61 14 21 28 35 42 49 56 63 
8 16 24 32 40 48 56 64 72 
9 18 27 36 45 54 63 72 75 

Accuracy: 70/81
-------------------------------------------------------------
Generation 70

1 75 3 4 75 6 53 55 9 
2 75 6 8 10 12 14 16 18 
3 6 9 12 15 18 21 24 27 
75 8 12 16 20 24 18 32 36 
75 10 15 20 25 30 35 40 45 
6 12 72 24 30 36 42 48 54 
53 14 21 28 35 42 49 56 63 
8 16 24 32 40 48 56 64 72 
9 18 27 36 45 54 63 72 53 

Accuracy: 70/81
-------------------------------------------------------------
Generation 71

1 53 3 4 61 6 61 59 9 
2 38 6 8 10 12 14 16 18 
3 6 9 12 15 18 21 24 27 
53 8 12 16 20 24 38 32 36 
59 10 15 20 25 30 35 40 45 
6 12 61 24 30 36 42 48 54 
72 14 21 28 35 42 49 56 63 
8 16 24 32 40 48 56 64 72 
9 18 27 36 45 54 63 72 18 

Accuracy: 70/81
-------------------------------------------------------------
Generation 72

1 59 3 4 38 6 59 78 9 
2 2 6 8 10 12 14 16 18 
3 6 9 12 15 18 21 24 27 
59 8 12 16 20 24 59 32 36 
78 10 15 20 25 30 35 40 45 
6 12 59 24 30 36 42 48 54 
59 14 21 28 35 42 49 56 63 
8 16 24 32 40 48 56 64 72 
9 18 27 36 45 54 63 72 59 

Accuracy: 70/81
-------------------------------------------------------------
Generation 73

1 65 3 4 2 6 62 65 9 
2 79 6 8 10 12 14 16 18 
3 6 9 12 15 18 21 24 27 
61 8 12 16 20 24 78 32 36 
38 10 15 20 25 30 35 40 45 
6 12 78 24 30 36 42 48 54 
78 14 21 28 35 42 49 56 63 
8 16 24 32 40 48 56 64 72 
9 18 27 36 45 54 63 72 38 

Accuracy: 70/81
-------------------------------------------------------------
Generation 74

1 78 3 4 7 6 2 7 9 
2 65 6 8 10 12 14 16 18 
3 6 9 12 15 18 21 24 27 
78 8 12 16 20 24 2 32 36 
2 10 15 20 25 30 35 40 45 
6 12 2 24 30 36 42 48 54 
2 14 21 28 35 42 49 56 63 
8 16 24 32 40 48 56 64 72 
9 18 27 36 45 54 63 72 2 

Accuracy: 70/81
-------------------------------------------------------------
Generation 75

1 2 3 4 4 6 7 5 9 
2 4 6 8 10 12 14 16 18 
3 6 9 12 15 18 21 24 27 
4 8 12 16 20 24 7 32 36 
25 10 15 20 25 30 35 40 45 
6 12 17 24 30 36 42 48 54 
81 14 21 28 35 42 49 56 63 
8 16 24 32 40 48 56 64 72 
9 18 27 36 45 54 63 72 81 

Accuracy: 75/81
-------------------------------------------------------------
Generation 76

1 2 3 4 25 6 7 4 9 
2 4 6 8 10 12 14 16 18 
3 6 9 12 15 18 21 24 27 
4 8 12 16 20 24 4 32 36 
18 10 15 20 25 30 35 40 45 
6 12 18 24 30 36 42 48 54 
25 14 21 28 35 42 49 56 63 
8 16 24 32 40 48 56 64 72 
9 18 27 36 45 54 63 72 81 

Accuracy: 76/81
-------------------------------------------------------------
Generation 77

1 2 3 4 5 6 7 38 9 
2 4 6 8 10 12 14 16 18 
3 6 9 12 15 18 21 24 27 
4 8 12 16 20 24 5 32 36 
28 10 15 20 25 30 35 40 45 
6 12 18 24 30 36 42 48 54 
5 14 21 28 35 42 49 56 63 
8 16 24 32 40 48 56 64 72 
9 18 27 36 45 54 63 72 81 

Accuracy: 77/81
-------------------------------------------------------------
Generation 78

1 2 3 4 5 6 7 75 9 
2 4 6 8 10 12 14 16 18 
3 6 9 12 15 18 21 24 27 
4 8 12 16 20 24 81 32 36 
5 10 15 20 25 30 35 40 45 
6 12 18 24 30 36 42 48 54 
38 14 21 28 35 42 49 56 63 
8 16 24 32 40 48 56 64 72 
9 18 27 36 45 54 63 72 81 

Accuracy: 78/81
-------------------------------------------------------------
Generation 79

1 2 3 4 5 6 7 79 9 
2 4 6 8 10 12 14 16 18 
3 6 9 12 15 18 21 24 27 
4 8 12 16 20 24 8 32 36 
5 10 15 20 25 30 35 40 45 
6 12 18 24 30 36 42 48 54 
9 14 21 28 35 42 49 56 63 
8 16 24 32 40 48 56 64 72 
9 18 27 36 45 54 63 72 81 

Accuracy: 78/81
-------------------------------------------------------------
Generation 80

1 2 3 4 5 6 7 8 9 
2 4 6 8 10 12 14 16 18 
3 6 9 12 15 18 21 24 27 
4 8 12 16 20 24 79 32 36 
5 10 15 20 25 30 35 40 45 
6 12 18 24 30 36 42 48 54 
79 14 21 28 35 42 49 56 63 
8 16 24 32 40 48 56 64 72 
9 18 27 36 45 54 63 72 81 

Accuracy: 79/81
-------------------------------------------------------------
Generation 81

1 2 3 4 5 6 7 8 9 
2 4 6 8 10 12 14 16 18 
3 6 9 12 15 18 21 24 27 
4 8 12 16 20 24 28 32 36 
5 10 15 20 25 30 35 40 45 
6 12 18 24 30 36 42 48 54 
7 14 21 28 35 42 49 56 63 
8 16 24 32 40 48 56 64 72 
9 18 27 36 45 54 63 72 81 

Learning finished
